	chr	start	end
1	1	82702375	84633600
2	1	108621763	112639745
3	1	119003899	148628650
4	1	219231030	220785740
5	2	10232	1268910
6	2	46524503	46524503
7	2	69180911	78500359
8	2	83540212	105782820
9	2	109878087	117919800
10	2	118981561	126763017
11	2	127959743	130956103
12	2	132951761	140661606
13	2	144194202	148193360
14	2	158408759	163727058
15	2	176451542	177874858
16	3	35750177	35750177
17	3	38602012	41403869
18	3	44095158	47574787
19	3	49562562	53675536
20	3	63108209	66312613
21	3	112098658	114790935
22	3	129291770	132483085
23	3	136908028	139736412
24	3	162297619	165022441
25	4	41851034	44504375
26	4	49413636	56312802
27	4	62218127	66732444
28	4	67020744	71704923
29	4	124954610	130571862
30	4	131700301	142582826
31	4	168739151	168739151
32	4	168753601	168976868
33	4	240524176	241322382
34	5	32919099	34801447
35	5	37077825	39454408
36	5	89317871	126448883
37	5	127604425	136200439
38	5	139234251	142711487
39	6	9490668	18991117
40	6	22664410	25581860
41	6	36090447	38746722
42	6	40875092	74599737
43	6	75398920	78099789
44	6	124531652	124709894
45	6	125187777	128308620
46	6	133816320	138187940
47	7	2596362	2596362
48	7	30156469	36558700
49	7	45117728	45117728
50	7	49020436	75749010
51	7	79101130	84124234
52	7	92725739	99955636
53	7	146548837	148488081
54	8	55711353	62665056
55	8	75988259	82560840
56	8	107089606	109391995
57	8	128973724	131113149
58	8	136415654	138213242
59	9	32946981	42289811
60	9	63841178	69060908
61	9	81425959	87873575
62	9	153736443	153736443
63	10	27541115	31492794
64	10	33605592	56757623
65	10	108468473	112586972
66	10	121412033	123376961
