0.0350968
0.180193
0.102125
0.155765
0.246894
0.360577
0.0423833
0.0413613
0.24407
0.237342
0.094923
0.0253626
0.199836
0.117974
0.364678
0
0
0.155729
0
0
0.0347509
0.140126
0.0832235
0.202338
0.246231
0.133328
0
0.0253626
0
0.0673744
0.166447
0.261062
0
0.00288185
0
0.120594
0.0531601
0.247336
0.0579536
0.0800848
0.0673744
0.287041
0.22702
0.110838
0.115925
0
0.0365078
0.103882
0.0347509
0.0276149
0.0725055
0.0763634
0.196774
0.253561
0.0980026
0.0253626
0.0530888
0.0365078
0.203758
0
0.120594
0.0361654
0.196957
0.094539
0.0777001
0.0253626
0
0.0892541
0.0411923
0.0689762
0.0347509
0.120594
0.106426
0.158781
0.176633
0.212973
0.364944
0.0991459
0.120594
0.187968
0.150598
0.217391
0.155729
0.0832235
0.0731582
0
0.158464
0.0380529
0.106426
0.131019
0.328436
0.224476
0.19304
0.0253626
0.0832235
0.0666621
0.0832235
0.193099
0.0413613
0.0253626
0.0604617
0.238988
0.0365078
0.122828
0.349138
0.0667239
0.0832235
0.157102
0.080582
0.0232026
0
0.120594
0.0413613
0
0.0725055
0.124585
0.137863
0.0260845
0.00288185
0.0725055
0.0560419
0.199045
0.0836643
0.0725055
0.0980739
0.248731
0.069922
0.0604617
0.035171
0.035171
0.171135
0.106249
0.132077
0.101726
0.1535
0.160924
0.316428
0.128137
0.166552
0.0726731
0.0653767
0.202612
0.130446
0.12244
0.157102
0.0411923
0.0411923
0.0411923
0.102545
0
0.138484
0.11305
0.0477956
0.103882
0.140485
0.0763634
0.123476
0.148209
0.0276149
0.085073
0.222719
0.207842
0.289694
0.292791
0.0411923
0
0.0529775
0.212973
0.097868
0.0673744
0.0882598
0.120594
0.0631909
0
0.0952126
0.155765
0.0665549
0.0814216
0.175219
0.0957081
0.0365078
0.0836569
0
0.0673744
0.171063
0.120594
0.199054
0
0.169028
0.0725055
0.155897
0.110838
0.0702562
0.0390472
0.296554
0.129245
0
0.0978913
0
0.0880766
0.202923
0.080775
0.101823
0.349774
0.0943524
0.0673744
0.0688073
0.0365078
0.158464
0.223691
0.13988
0.107676
0.128902
0.0449138
0.140468
0.169333
0.0205173
0
0.204877
0.129887
0.0531601
0.188921
0.120594
0.0531601
0.097868
0.116869
0
0.253088
0.134376
0.0347509
0
0.120856
0.157102
0.176975
0.035171
0.0361654
0.10056
0.334535
0.185307
0.150598
0.0945214
0.139903
0.126742
0.092737
0.209904
0.187258
0.0725055
0.240325
0.242122
0.0861054
0.105375
0.0969695
0.113867
0.0376328
0.388898
0
0.172574
0.217
0.0361654
0.0673744
0.223139
0.11503
0.324405
0.18871
0.261062
0.200259
0.0282444
0.0637803
0.110838
0.179828
0.101725
0.035171
0.216227
0.0253626
0
0
0.0725055
0.0530888
0
0.286102
0.0232026
0.0623659
0.252576
0
0.0232026
0.0390472
0.246894
0.176975
0.118395
0.1781
0.0673744
0.261062
0.134749
0.0232026
0
0.0892541
0.0725055
0.246555
0.120594
0.165508
0.215583
0.0832235
0.0278743
0.360788
0.0347509
0.0413613
0.169759
0.0712587
0.276818
0
0.0413613
0.0673744
0
0.200929
0.064395
0.0673744
0.0832235
0
0.136312
0.279178
0.2664
0.271192
0.0673744
0
0.193099
0.116504
0.187413
0.0814216
0.140468
0.16933
0.0878397
0.132967
0
0.284205
0.120594
0.284264
0.275183
0.27678
0.103882
0.157102
0.0399008
0.10354
0.120535
0.0508175
0.0832235
0.255375
0.194681
0.261062
0.26721
0.218462
0.0673744
0.0413613
0.218668
0.150598
0.0832235
0.175773
0.102125
0.0800848
0.120594
0.0673744
0.136351
0.328971
0.358377
0.155214
0.0440742
0.161786
0
0.0232026
0.10354
0.124857
0
0.0825536
0.168138
0.132967
0.191853
0.207842
0.175639
0
0
0.0253626
0.181056
0.0276149
0.166447
0.120594
0.0957081
0.0673744
0.185382
0.198463
0.113865
0.32859
0.118395
0.141482
0.458152
0.10354
0.0365078
0.0980739
0.106764
0.118395
0
0
0.129452
0.00410056
0.150598
0.0765323
0.00658929
0.161675
0.113698
0.0899197
0
0
0.0796647
0.035171
0
0.0637803
0.0957081
0.335997
0.167027
0
0.119644
0.161896
0.234033
0.174328
0
0.200929
0.213331
0.293287
0
0.0763634
0.0673744
0
0
0.113698
0.117484
0.090577
0.0579536
0.259859
0.334519
0
0.0702562
0.161955
0.161786
0
0
0.105158
0.161955
0.145956
0.145956
0.173754
0
0.035171
0.226843
0.185158
0.150598
0.124585
0
0.145243
0.0365078
0.0583736
0.117419
0.0361654
0.120594
0.321523
0.225119
0.193208
0.25104
0.123476
0
0.193099
0.0449138
0.0832235
0.161955
0.0681164
0.158464
0.176633
0.0604617
0.286365
0.289333
0.132967
0
0.0765323
0.299525
0.0449138
0.0232026
0
0.147787
0.0232026
0.181092
0.187968
0.0411923
0.210724
0.13299
0.325817
0.226843
0.192231
0.0832235
0.0673744
0.176446
0.301218
0.389199
0.00288185
0.0763634
0.281175
0.119731
0.140817
0.155345
0.327848
0
0.101823
0.167226
0.0260845
0.261062
0.357101
0
0
0.0361654
0.172549
0.203817
0.123476
0
0.130615
0.0647522
0.0861397
0
0.0645639
0.157102
0.0232026
0.035171
0.0253626
0
0.0862751
0
0.150598
0.166447
0.10354
0.158536
0.207913
0
0.216227
0
0
0.122613
0.23847
0.173754
0
0.14733
0.0253626
0.212973
0.167109
0.27074
0
0.243013
0.272079
0.249054
0.00288185
0.136312
0.0725055
0.11262
0.0810792
0.339584
0.0673744
0.15959
0.0385483
0.0413613
0.102125
0.00288185
0.0232026
0.20081
0.275437
0.212973
0.121106
0.112451
0.0413613
0.035171
0.155706
0
0.288089
0.165508
0.176045
0.201369
0.284153
0.0530888
0.0604617
0.0530888
0.200929
0.092136
0.11355
0.0276149
0.212973
0.169204
0.0361654
0.225341
0.0949893
0.282249
0.19085
0.153145
0.208505
0.0942811
0.102125
0.0365078
0.106422
0.125689
0.374759
0.157083
0.252532
0
0.0531601
0.148209
0.0615279
0.035171
0.11304
0
0.197952
0.120594
0
0.420404
0.0931564
0.0861054
0.430822
0.11355
0.106426
0.140468
0
0
0.22785
0
0.175639
0.0832235
0
0.143842
0
0.0753873
0.227358
0.0530888
0
0.0403424
0.00678428
0.176045
0.0449138
0.0673744
0.140468
0.0832235
0.159586
0.035171
0.0411923
0.00709995
0.140468
0.338219
0.169028
0.110838
0.154814
0.0778691
0.120594
0.283229
0.0945214
0.247958
0.0604617
0
0.0725055
0.10075
0.0673744
0.201136
0.126272
0.214084
0.0528354
0.0253626
0.0449138
0
0.264884
0.160837
0
0.087911
0.0361654
0.0871156
0.106426
0.0449138
0.0956327
0.0380529
0.117974
0
0.0361654
0.10354
0.213962
0.0376328
0.0253626
0.0390472
0.120594
0.0411923
0.24843
0.0413613
0.109013
0.117484
0
0.168083
0.18166
0.23568
0.0832235
0
0.164668
0.193099
0.0665549
0.220702
0.0832235
0.0276149
0.190516
0
0
0.24467
0.0762914
0.0861054
0.19085
0.136384
0.0725287
0.146678
0
0.173426
0.118395
0.0725055
0.0980945
0.0253626
0.0276149
0
0.00781743
0.0583736
0.069922
0.187934
0.183784
0.143666
0.286424
0.00288185
0.166447
0.175219
0.178213
0.412093
0.210744
0.0708013
0.0725055
0.0761122
0.120594
0.108736
0.207639
0.179922
0.119731
0.0232026
0.108586
0.102125
0
0.120594
0.0689762
0.148797
0.150598
0.354856
0.0365078
0.299348
0.290836
0.141541
0.14733
0
0.127836
0.0615279
0.0365078
0.203817
0.156794
0
0
0.0721443
0
0.0725055
0.136351
0.0530888
0.317368
0.0604617
0.0365078
0.254692
0
0.211559
0.150201
0.13214
0.117974
0.267552
0.117484
0.123476
0.132967
0.0530888
0.0560419
0.130902
0.0449138
0.0837362
0.140313
0.186763
0.226889
0
0.164837
0.0832235
0.0832235
0.218596
0.218113
0
0.279101
0.323782
0.0882598
0.115816
0.256906
0.166447
0.0807037
0.101654
0.0365078
0.203758
0.185349
0.0673744
0.0253626
0.042643
0.120463
0.0449138
0
0.0361654
0.203817
0.252937
0.120594
0.0276149
0.288921
0.0997349
0.0530888
0.200929
0
0.176565
0.253561
0.296183
0.0618703
0.0413613
0.0304968
0.0836643
0.203817
0.155729
0.203817
0.20744
0.264884
0.0712587
0.10354
0.0832235
0.181894
0.0604617
0.0641526
0.155634
0.306915
0
0.220854
0.140468
0.0673744
0.0702562
0.0662691
0.0725055
0
0.33232
0.12199
0.0347509
0.123226
0.0604617
0.120594
0.0531601
0.0761122
0.183968
0.0390472
0.0347509
0.0689762
0.0673744
0.143757
0.0530888
0.140468
0.134749
0
0.238336
0.0449138
0
0.264279
0.140468
0.0529775
0.1909
0.0413613
0.0832235
0.275808
0
0
0.0530888
0.0413613
0.120594
0
0.0413613
0.0304968
0.0832235
0.0276149
0.214266
0
0.0601135
0.144901
0.140468
0.0530888
0.16583
0.0945214
0.0673744
0.0411923
0.140468
0.220488
0.035171
0
0.0427708
0.0725055
0.163082
0.271192
0.035171
0.0232026
0.243207
0.190516
0.171411
0.203817
0.0604617
0.261062
0.176975
0.228799
0.113698
0.128137
0.0253626
0.160417
0.173754
0.0604617
0.229547
0.092737
0.280515
0.107256
0.0361654
0.120594
0.185382
0.215475
0.0232026
0
0.0949893
0.180193
0.110838
0
0.271454
0.10354
0.0347509
0.155345
0.106138
0.0836643
0.0449138
0
0.343528
0.150375
0.211559
0.035171
0.148209
0.142762
0.176975
0.0765323
0.175051
0
0.196845
0.102964
0.0673744
0.193123
0.268605
0.194672
0.0449138
0.222719
0.148209
0.219405
0.120594
0.0411923
0.0253626
0.32723
0.0673744
0.18957
0.0531601
0.1713
0.187968
0.24435
0.0966271
0.215992
0.208889
0.120594
0.120301
0.10354
0.126494
0.0796647
0.0832231
0.0952126
0
0.0531601
0.0813332
0
0.378818
0.108736
0.120594
0.0882598
0.196944
0.0530888
0.0773577
0.124496
0.333567
0.0881485
