0.448029
0
0.143685
0
0.169197
0.215855
0.101654
0.035171
0.0530888
0.00100161
0.113867
0.193556
0.109902
0.157076
0.0702562
0.106422
0.0673744
0.0637803
0.0702562
0.0832235
0.164668
0.201369
0.142591
0.133864
0
0.164344
0.21899
0.0449138
0.384915
0.18166
0.0647763
0.0411923
0.18441
0.147344
0.0861054
0.0725055
0.115677
0.120594
0.155765
0
0.0347509
0
0.0773577
0.0673744
0.201279
0.0725055
0.267007
0.231596
0.0530888
0.175051
0.169329
0.0832235
0.143487
0.0508054
0.0347509
0.0221118
0.0449138
0.0832235
0
0.0725055
0
0
0.117305
0.113622
0.0673744
0.0304968
0.271192
0.0442431
0.108586
0.212968
0.161786
0.157035
0.0365078
0.321393
0
0.0253626
0
0.0604617
0
0.035171
0.0365078
0.0156773
0.168083
0.00710488
0.131971
0.0725055
0
0.138019
0.102125
0.0120678
0
0.0709163
0
0.216201
0.061137
0.161786
0.150656
0.124416
0.316855
0.236572
0.0778691
0.210262
0.215583
0.161746
0
0
0.0380529
0.241057
0.0673744
0.0615279
0.158647
0.0673744
0
0.158227
0.154845
0.140468
0.334883
0.0712587
0.046252
0.0477956
0.0411923
0.109308
0.0442431
0
0.00288185
0.035171
0.120534
0.0347509
0.330508
0.0411923
0.127836
0.229265
0.0212455
0.288677
0
0.261062
0.0260845
0.103882
0
0.0276149
0.0449138
0.140468
0
0.0530888
0
0.0832235
0.120463
0.0952126
0.0232026
0.0523974
0.0253626
0
0.163927
0.203817
0.19193
0.00288185
0.162256
0.161786
0
0.010163
0.097868
0.152577
0.226351
0.187835
0.0702764
0.092737
0.0800848
0.0232026
0.159515
0.161955
0.271685
0
0.0725055
0.110838
0.214188
0.0385633
0.030891
0.102044
0.0725055
0.161955
0.294539
0.295692
0.0202741
0.283662
0.22827
0
0.00341017
0.0347509
0.0361654
0.113338
0
0.18734
0
0.0725055
0.0971332
0
0.209471
0.0413613
0.0969695
0.161955
0.0969561
0
0.28238
0.150375
0.112288
0.298583
0.0272995
0.0253626
0.120534
0.112288
0.0763634
0.120594
0.380793
0.366476
0.0980026
0.0604617
0.0980026
0.295031
0
0.0253626
0
0.0531601
0
0.120594
0.17469
0.0832235
0.0832235
0.173754
0.0290332
0.34111
0.180925
0.0944501
0
0.0550237
0.111825
0
0
0.0413613
0.0673744
0.032283
0.187968
0.275607
0.144673
0.0276149
0
0.181056
0.0904758
0.0530888
0
0.23418
0.120594
0.189111
0
0.0411923
0
0
0.00513015
0.0530888
0
0.0992022
0.0347509
0.0652477
0.0253626
0.159167
0.0449138
0.0654917
0.0832235
0.120594
0.0716788
0.16583
0.125594
0.0832235
0.108736
0
0.197265
0.207913
0
0.174704
0.0980865
0.00288185
0.109013
0.145826
0.0673744
0.120594
0.00288185
0.16367
0.193099
0.0103057
0.00346299
0.10354
0.0725055
0
0.0276149
0.187729
0.0276149
0.0531601
0.0253569
0
0.0798198
0.148209
0.117974
0.121276
0.341638
0
0.0673744
0.17094
0.0365078
0.183618
0.0232026
0.224476
0.0914262
0.0531601
0.0861061
0.00288185
0
0.0644098
0.193099
0.0725055
0.120594
0.176735
0.0347509
0
0.11625
0.0347509
0.178842
0.0800848
0.0413613
0.035171
0.164839
0.0253626
0.035171
0.107662
0.181056
0
0.203817
0.143337
0.193099
0.179605
0
0.0863137
0.0893255
0.181056
0.0253626
0.118395
0.287962
0.0276149
0.0596444
0.120534
0
0.112871
0.147039
0.0531601
0.250334
0.125362
0.0686734
0.0832235
0.120594
0.0832235
0.0861054
0.0604617
0.0361654
0.0673744
0.13988
0
0.0424876
0.102125
0
0.224748
0.0411923
0
0.120534
0.120534
0.00288185
0.0673744
0.0583736
0.136384
0.0347509
0.0365078
0.0673744
0.0530888
0.0806025
0.0347509
0
0.112386
0.114959
0.0673744
0.0765323
0.0269525
0.146678
0
0.101823
0
0.0282444
0.344285
0.0232026
0.0761122
0.107676
0.26794
0.17275
0.0232026
0.121446
0.0253626
0.120594
0.140468
0.120594
0.0531601
0.216227
0.0365078
0.0673744
0.171555
0
0.0452259
0.218596
0.120594
0
0.127836
0.0232026
0.101556
0.163632
0.0473593
0.0449138
0.0381707
0.255465
0.108586
0.0413613
0.0832235
0.236218
0.126412
0
0.0180911
0.0673744
0.035171
0
0.0673744
0.0365078
0.114749
0.0604617
0.035171
0.187968
0.205778
0.0232026
0
0.0347509
0
0
0.249507
0.216191
0.150598
0.305975
0.0604617
0
0.0915632
0.0949893
0.253561
0.148209
0
0.140468
0.0761122
0
0.323549
0.0784514
0.152031
0.305471
0.0725055
0.0413613
0.258862
0.202259
0.109478
0.0641227
0.0673744
0.0832235
0.120594
0.241188
0
0.0452009
0.149863
0.183344
0.366918
0.0673744
0.243742
0.0276149
0.0442431
0.239983
0.119805
0.0673744
0.0530888
0
0.092925
0
0.158536
0.0673744
0.142782
0.2912
0.0637803
0.0673744
0.10728
0.0365078
0
0.0365078
0.215002
0.230371
0.0276149
0.204258
0.0725055
0
0.0276149
0.0508175
0
0.19304
0.0531601
0.187968
0.0260845
0.0347509
0.184195
0.120594
0.0449138
0.0858243
0.0832235
0.0832235
0.120594
0.0276149
0.0347509
0
0.0531601
0.0604617
0.125246
0.0449138
0
0.0347509
0
0.0365078
0.0347509
0.148209
0.127169
0
0.106249
0.120594
0
0.0763627
0.385587
0
0.0253626
0.0413613
0.0887486
0.187968
0
0.11355
0
0.0832235
0.127836
0.0276149
0.117974
0.0604617
0.0347509
0
0.0952126
0.155765
0.111468
0.0673744
0.157102
0
0.0896679
0.0232026
0.120594
0.0761122
0.178754
0.179134
0.0232026
0.0253626
0
0.0531601
0.136384
0.0725055
0.00288185
0.124698
0.31911
0.0793678
0
0
0
0.108586
0.20336
0.305719
0
0.112288
0.0673744
0.0531601
0.0253626
0.119731
0.172447
0.045703
0.0944613
0.140468
0
0.10354
0.224134
0.261062
0
0.125666
0.102125
0
0.129643
0.0135274
0
0.0361654
0.165508
0.167027
0.15997
0
0.140468
0.0713084
0.0347509
0
0.0411923
0.0783045
0.0895965
0
0.0673744
0.157936
0.290229
0.10354
0.107168
0
0
0.0276149
0.110838
0.114305
0.157102
0
0.115946
0.300813
0
0.0449138
0.114147
0.231464
0.0794142
0.10551
0.173754
0.00288185
0
0.136384
0.275939
0
0
0.00764242
0.148869
0.143796
0.0347509
0
0.187968
0
0.0673744
0.120594
0.134211
0.142393
0.0585486
0.259798
0.207842
0.124585
0.087911
0.155765
0.0450701
0.0673744
0.167546
0.0347509
1.71672e-05
0.00807816
0.204258
0
0
0.140439
0.400617
0.0198709
0
0.136312
0
0.10354
0.0276149
0.0528203
0.121847
0.0531601
0.108567
0.0530888
0.144479
0
0.14335
0.131155
0.099718
0.197171
0.0728038
0.0531601
0.11676
0.229161
0.0832235
0.0253626
0.0832235
0
0.0869713
0.0765323
0.198421
0
0.291107
0.0775267
0.0361654
0.0725055
0.117264
0.190232
0.173816
0.0759433
0.0709163
0.137169
0.0347509
0.124416
0.0449138
0.0807037
0.0260845
0.0530888
0.0778691
0
0.447189
0.221889
0.185046
0.0832235
0.108586
0.278891
0.102125
0.0413613
0.0878397
0.120594
0
0.0725055
0.189687
0.161786
0.0531601
0.0725055
0
0.271487
0.00288185
0.0763627
0.246188
0
0.0253626
0.0530888
0.110156
0.143796
0.136384
0.0832235
0.218425
0.168083
0.161786
0.0413613
0.150598
0.0365078
0.136628
0.119731
0
0.149928
0.136312
0.230072
0.184516
0.159587
0.0361654
0.108567
0
0.108586
0.0726731
0.0952904
0.120534
0
0.112288
0
0.120594
0.119389
0
0.203642
0
0
0.0725055
0
0.100711
0.0725055
0
0.238988
0.193099
0.076672
0
0.027776
0
0.162042
0
0
0.096543
0.141
0.0253626
0.0413613
0.109013
0.0347509
0.0530888
0.035171
0.0347509
0.204429
0.0673744
0.0673744
0
0.0575795
0.00288185
0.120594
0.120594
0.101823
0.203817
0.0597104
0.107256
0
0.0208841
0.0832235
0.0726731
0.161093
0.143853
0
0
0.0725055
0.213461
0.108567
0.276259
0
0.0530888
0
0.103558
0.0253626
0.187968
0.0725055
0.174159
0.31415
0.105808
0
0.132967
0.106249
0
0.27588
0.0746015
0.22891
0.0978712
0.00288185
0.0780936
0
0
0.202986
0.0380529
0.0800848
0.0347509
0.140468
0.260474
0.108567
0.0832235
0.139194
0.072415
0
0.111618
0
0.169897
0.120534
0.17275
0.261062
0.00288185
0.0952126
0.0465552
0.0387305
0.208794
0.0276149
0.0604617
0.198332
0.159068
0.108736
0.119389
0.125594
0.215364
0
0.356051
0.0411923
0.144424
0.11503
0.0253626
0
0.149921
0.251413
0.203023
0.0725055
0.00851856
0.120594
0.120594
0.0862751
0.336338
0.203817
0.198294
0.202778
0.248399
0
0.127836
0.337559
0.176401
0.145542
0.23002
0.0615279
0.0813332
0.148209
0.137023
0.0253626
0.204081
0.197207
0.035171
0.0689762
0.169048
0
0.0288832
0.0449138
0.0726654
0.274074
0
0.0604617
0.0253626
0.0365078
0.0615279
0.0978069
0.223691
0.0376328
0.0725055
0
0.12469
0.238988
0
0.0411923
0
0
0
0.113867
0.101365
0.0361654
0.049298
0.0725055
0.0440742
0
0.0995378
0
0
0
0.231432
0
0.0361654
0.140468
0.161955
0.179515
0.108567
0.0232026
0.0673744
0.180484
0.0645639
0
0
0.307356
0.0573223
0.136384
0.0832235
0.120594
0.137593
0.101378
0.313861
0.15098
0.131378
0.0725055
0.0773577
0.0347509
0
0.146809
0.156759
0.202095
0.143422
0.243207
0.23482
0.11355
0.0365078
0.0361654
0.0825466
0
0.181092
0.064705
0
0.059368
0.0276412
0.163923
0.15348
0.0449138
0.00847655
0.0413613
0.0411923
0
0
0.0276149
0.153132
0
0.143796
