0.34296
0
0.143685
0
0.117112
0.176304
0.0411923
0
0.0716021
0
0.148671
0.0530888
0
0.140468
0.0702562
0.10354
0.0673744
0.0637803
0.0702562
0.0781507
0.161786
0.238527
0.106426
0.106249
0
0.120594
0.18166
0.0449138
0.126311
0.140468
0.0449138
0.0604617
0.0832235
0
0.0727253
0.0725055
0
0
0.155765
0
0
0
0.0407066
0.0673744
0.141165
0.109013
0.10056
0.203732
0
0.175051
0.161169
0.203817
0.108736
0.0304968
0.0658319
0
0.0449138
0.0832235
0
0.0725055
0.0403255
0
0.0746849
0.0519074
0
0.0304968
0.271192
0.0442431
0.106426
0.171555
0.161786
0.0716788
0
0.321393
0
0
0
0.0604617
0
0.118395
0.0365078
0
0.168083
0
0.120594
0.0725055
0
0.120534
0.102125
0
0
0.0709163
0
0.107451
0
0.161786
0.108736
0.124416
0.280348
0.19521
0.0413613
0.210262
0.0673744
0.161746
0
0
0.0380529
0.187968
0.0673744
0.0615279
0.155765
0.0673744
0
0.180707
0.140468
0.140468
0.268605
0.0712587
0
0.00288185
0.140966
0.109308
0.0413613
0
0.00288185
0.035171
0.0673744
0.0347509
0.155578
0
0.127836
0.185449
0
0.288677
0
0.261062
0
0.145074
0
0.0276149
0
0.140468
0
0.0530888
0
0.0832235
0.0530888
0.0952126
0
0
0.0253626
0
0.0533491
0.0838157
0.156759
0.00288185
0.125748
0.161786
0
0
0.097868
0.143685
0.212973
0.134851
0.0702764
0.0595553
0
0
0.136312
0.161955
0.188889
0.0255506
0.0725055
0.110838
0.173754
0.0232026
0
0.0255203
0.0411923
0.161955
0.301666
0.101915
0
0.237805
0.22827
0
0
0.0347509
0.0348256
0.0832235
0
0.0858243
0
0.0725055
0.0530888
0
0.139194
0.0413613
0.0969695
0.120221
0.0276149
0.0136567
0.28238
0.150375
0.112288
0.187968
0
0
0.0859936
0.0449138
0.035171
0.110128
0.314583
0.363778
0.0980026
0.0604617
0.0415589
0.26028
0
0.0253626
0
0.0443602
0
0.120594
0.0673744
0
0.0832235
0.140632
0
0.324113
0.127836
0.0944501
0
0.0411923
0
0
0
0.0413613
0.0673744
0.0232026
0.208014
0.200153
0.101844
0
0
0.181056
0.0882598
0
0
0.108586
0.120594
0.106426
0.0232026
0
0
0
0
0.0530888
0
0
0.0347509
0.0697989
0
0.117974
0.0449138
0
0.0804342
0.123201
0.035171
0.16583
0.0530888
0.0832235
0.108736
0
0.207808
0.207913
0
0.0232026
0.0624841
0.00288185
0.144184
0.0607305
0.0673744
0.120594
0.00288185
0.0806598
0.193099
0
0
0.10354
0.0725055
0
0.0276149
0.0673744
0.0276149
0.0604701
0
0
0.0435716
0.148209
0.0832235
0.118395
0.223103
0
0.0673744
0.0365078
0.0501601
0
0.0232026
0.162452
0.0411923
0
0.0022427
0
0
0.0644098
0.108127
0.0725055
0
0.0604617
0.0347509
0
0.0810792
0.0347509
0.178842
0.0449138
0.0413613
0
0.158536
0.0253626
0.035171
0
0.199477
0
0.120594
0.143337
0.148936
0.122158
0
0.0411923
0.0893255
0.181056
0.0253626
0.0770076
0.120594
0
0
0.0721739
0
0.112871
0.102125
0.0705591
0.222719
0.0670502
0.0253626
0
0.120594
0.0832235
0.0861054
0.0604617
0.0361654
0.0673744
0.0725084
0
0
0.102125
0
0.140468
0.0411923
0
0.0882245
0.120534
0.0531601
0.0673744
0.035171
0.086843
0.0347509
0.0435935
0.0335287
0.0807037
0
0
0
0.0449138
0.0365078
0.0673744
0.035171
0
0.146678
0
0.0413613
0
0.0282444
0.283987
0.0232026
0.0413613
0.035171
0.0365078
0.127836
0.0232026
0.0765323
0.0253626
0.157102
0.140468
0.120594
0
0.204258
0
0.112288
0.105115
0
0
0
0.120594
0.0861061
0.127836
0.0232026
0.0604617
0.0832235
0
0
0
0.291631
0.108586
0
0
0.0411923
0.159665
0
0
0.0673744
0
0
0
0
0.0773577
0.0604617
0.035171
0.0673744
0.120594
0.0232026
0
0.0347509
0
0.00117185
0.161955
0.216191
0.140975
0.188263
0.0604617
0
0.0145745
0.0949893
0.238624
0.148209
0
0.140468
0.0761122
0
0.240325
0.0530888
0.0611359
0.222248
0.136646
0.0413613
0.175639
0.0531601
0.0568619
0.0434811
0.0673744
0
0.0268471
0.120594
0
0
0.0361654
0.154487
0.352209
0.0673744
0.120594
0.0276149
0.0492729
0.225807
0
0
0
0
0
0
0.172623
0.0673744
0.158071
0.2912
0.0361654
0.0673744
0.0796647
0.0365078
0
0.0365078
0.148158
0.207808
0
0.136139
0
0
0.0276149
0.0232026
0
0.120534
0
0.161489
0.0228053
0.0347509
0.101823
0.120594
0.0449138
0.106846
0.0832235
0
0.120594
0
0.0281901
0.0738254
0.0893255
0.0604617
0.00288185
0.0518316
0
0
0
0
0.0240191
0.148209
0
0
0.106249
0.120594
0
0.0656249
0.291066
0
0.0253626
0.0486679
0.0530888
0.187968
0.00261622
0.11355
0
0.0832235
0.127836
0
0.155729
0.0604617
0.0347509
0
0.0860123
0.120594
0.0861054
0.0673744
0.157102
0
0.206213
0.0232026
0.0604617
0
0.125594
0
0.0160056
0.0253626
0
0.0531601
0.0832235
0.115139
0
0.0413613
0.283101
0.00348591
0.0253626
0.0244948
0
0.1535
0.0771393
0.157102
0
0.0673744
0.0673744
0
0.0253626
0.0887569
0.0604617
0
0.0944613
0.162801
0
0.0673744
0.224134
0.261062
0
0.125666
0.102125
0
0.127836
0
0
0.0361654
0.113381
0.113867
0.127836
0
0.140468
0
0.0347509
0
0.0411923
0
0.0530888
0.035171
0.0673744
0.0665549
0.120463
0.111342
0.0832235
0
0
0.0361654
0.0276149
0.00644182
0.157102
0
0
0.238568
0
0.0449138
0.0832235
0.193628
0.121446
0.0688073
0.173754
0.00288185
0
0.218937
0.155345
0
0
0
0.0411923
0.0232026
0.0347509
0
0.187968
0
0
0.0945534
0.0253626
0.0832235
0.0449138
0.211349
0.0673744
0.115764
0.087911
0.155765
0.0413613
0.0673744
0.158615
0
0
0
0.204258
0.0361654
0
0.0604617
0.324039
0
0
0.136312
0
0.0361654
0.0276149
0
0.120594
0
0.0781082
0.0530888
0.141597
0.0480964
0.14335
0.154841
0
0.161786
0.00288185
0
0.0944501
0.068538
0.0832235
0
0.0832235
0
0.0232026
0
0.159145
0
0.140468
0.0601606
0.0361654
0.0725055
0.0434909
0.0673744
0.173816
0.0759433
0.0709163
0.0673744
0
0.124416
0.0814216
0.102757
0
0
0
0
0.285349
0.221889
0.119773
0.0986713
0.0832235
0.0725055
0.0673744
0.0413613
0.0878397
0.0848371
0
0.0725055
0.194109
0.161786
0
0.0725055
0
0.31028
0.00288185
0.115752
0.246188
0
0.0509132
0.0530888
0.00688461
0.105571
0.118865
0.132223
0.155729
0.156377
0.161786
0.0413613
0.150598
0.0264095
0.136628
0.119731
0.0232026
0.118586
0.136312
0.166331
0.146797
0.124416
0.0726731
0.108567
0
0.0832235
0
0.0530888
0.155285
0.0300373
0.112288
0
0
0.119389
0
0.143796
0
0
0.0725055
0
0.0175001
0.129375
0
0.216994
0.193099
0.0601135
0
0.0159402
0
0.0411923
0
0
0
0.141
0.145956
0.0413613
0.120383
0.0347509
0.0530888
0.035171
0.0475186
0.0449138
0.0673744
0.102545
0
0.0530888
0
0.120594
0.0483185
0.0413613
0.338232
0.0232026
0.107256
0
0
0.0832235
0.0365078
0.124585
0.123011
0
0
0.0725055
0.092925
0.108567
0.261062
0
0.0530888
0
0.0549709
0
0.178115
0.0500911
0.101654
0.292152
0.0725055
0
0.132967
0.0337998
0
0.173754
0.0604617
0.150598
0.0304968
0.00288185
0.0673744
0
0.0116659
0.00294223
0.0380529
0.0449138
0.0347509
0.155756
0.13988
0.0461178
0.0832235
0.10048
0
0
0.0729292
0
0.164001
0.0673744
0.0604617
0.261062
0.0146666
0.0347509
0.0361654
0.0899456
0.122193
0.0276149
0.0604617
0.130958
0.0882598
0.102545
0.119389
0.125594
0.0716788
0
0.356051
0.0153864
0.144424
0.0511837
0.0255506
0
0.11517
0.157102
0.139443
0.0725055
0.0347509
0.120594
0.120594
0.0862751
0.0980026
0.0514725
0.0422678
0.120594
0.155765
0
0.151039
0.295813
0.137804
0
0.190516
0
0.0559706
0.148209
0.0347509
0.0253626
0.204081
0.141237
0.035171
0.0276149
0.169048
0
0.0232026
0.0197963
0.0673744
0.274074
0
0.0604617
0.0673744
0
0.0615279
0.0411923
0.140468
0.0376328
0
0
0.0413613
0.238988
0
0.0411923
0
0
0.0413613
0.00429712
0
0
0.0791733
0
0.0748684
0.0149107
0
0
0
0.0411923
0.148209
0
0.0361654
0.140468
0.14128
0.176742
0.0411923
0
0.0673744
0.12189
0.0232026
0
0
0.224132
0
0.0832235
0
0.120594
0.120594
0
0.313861
0.123365
0.0966271
0.0725055
0.0411923
0.0347509
0
0.0667239
0.156759
0.18166
0.107256
0.222761
0.193628
0.0182923
0.0365078
0
0.0451547
0
0.0725055
0.0365078
0
0.059368
0
0.0913017
0.15348
0.0862751
0
0
0.0411923
0
0.0673744
0.0276149
0.0933472
0.0431626
0.120594
