0
0
0.0673744
0
0.00288185
0
0.120534
0
0.0775128
0.0832235
0
0
0
0
0.0681164
0
0.00271313
0
0.0833068
0.0189102
0.0531601
0.0568948
0
0
0.0629091
0.0895297
0
0.128137
0.0713364
0
0.0276149
0.0554972
0.152426
0
0
0.0604617
0
0
0
0
0
0.0620983
0.0968645
0
0
0
0
0.0530888
0
0
0.0417898
0.0618703
0
0.120594
0.135464
0
0.12532
0.0383055
0.0411923
0.0540463
0
0.0449138
0.00348231
0
0
0
0
0.146568
0
0.035171
0.0673744
0.108586
0.0812358
0.165508
0
0
0.035171
0
0.0531601
0.0531601
0
0.104409
0
0
0.0290057
0.134041
0.0777255
0
0
0
0.0880766
0.0640569
0.107621
0.0895965
0.0276149
0.0411923
0
0
0.0276149
0
0
0.00408754
0.0725055
0.0253626
0
0.120594
0.0232026
0.106426
0
0.0883311
0.0992114
0
0.188599
0
0
0.0673744
0.0673744
0
0.00731477
0.0531601
0.163492
0.0361654
0
0
0
0
0.0673744
0
0.0673744
0.0365078
0
0.0361654
0
0.032905
0.0673744
0
0
0
0.0373735
0.0673744
0
0.0347509
0
0
0
0.0832235
0
0.0147635
0.035171
0
0.00655211
0.0522934
0.0818771
0
0
0
0
0
0.0332312
0
0.201376
0.0530888
0.035171
0
0
0
0.0443239
0
0.0449138
0.0673744
0
0.0299882
0
0
0.0194546
0
0
0.175639
0
0
0.0535781
0
0.0449138
0.0968586
0
0
0.146505
0.111578
0
0.0365078
0
0
0
0
0
0
0.0400564
0
0.0673744
0
0.0440742
0.0673744
0
0.0531601
0.000291209
0
0
0
0
0
0
0
0.0832235
0.0604617
0.0832235
0
0
0.140468
0.0417767
0.0613809
0.0361654
0.0361654
0
0.0783762
0.0751491
0
0.0340898
0
0
0.00283425
0.0530888
0.0365078
0.059368
0.0189944
0.0832235
0.226843
0
0.253584
0
0.0531601
0.108736
0
0
0
0
0.0614407
0
0
0.165054
0.176901
0
0.0276149
0
0
0.00100298
0.00288185
0
0
0.0253626
0.035171
0.0276149
0
0
0.0673744
0
0.133371
0.00288185
0.0852453
0.0980026
0.0578333
0.0365078
0
0.0633379
0.120594
0.151164
0.107256
0.0716709
0
0.0832235
0.138582
0.0365078
0
0.0832235
0
0.120594
0
0
0.0413613
0
0.0274503
0.0355379
0.035171
0
0.0312567
0.0347509
0.0413613
0
0.0832235
0.0253626
0.0232026
0.035171
0.00288185
0.0365078
0.161955
0
0.0411923
0
0.0832235
0
0
0.0413613
0
0
0.090577
0.120594
0.065843
0
0
0.0454502
0
0.0347509
0
0
0
0.0832235
0.105375
0.120594
0
0
0.0991286
0
0.0413613
0.0347509
0.0832235
0
0
0
0
0
0
0
0.0413613
0
0
0
0
0
0.0449138
0
0
0
0.0641227
0
0.0766611
0
0
0.0449138
0.120594
0
0.0136423
0.0232026
0
0.148075
0.0192745
0.182466
0
0
0.0674928
0
0.138173
0
0
0
0
0
0.0182371
0
0.0436481
0
0.0276149
0.143737
0.0531601
0
0.0763627
0.0232026
0
0.108671
0
0.0232026
0.0276149
0
0.0253626
0.0253626
0
0
0.00288185
0.104647
0
0.0343844
0
0.112261
0
0
0.0673744
0.0499124
0.108586
0.0449138
0
0
0
0.0449138
0.0365078
0.0410179
0.0642726
0
0
0.0232026
0.0773577
0.0832235
0.0725055
0.0234342
0.00145455
0.157102
0
0.0832235
0.0232026
0
0
0.0365078
0.0854975
0
0.0232026
0.0924854
0
0
0
0.0232026
0
0.0361654
0.106426
0
0.0365078
0
0.0411923
0
0.0832235
0
0
0.0253626
0
0
0.103643
0
0.0725055
0.0531601
0.0832235
0
0
0
0
0
0.0753873
0
0
0.0997349
0.13014
0
0
0.0551094
0
0
0
0
0
0
0.140468
0.0347509
0.035171
0.0832235
0.0987718
0.0361654
0
0
0.071341
0.00541232
0
0
0
0.0702562
0
0.035171
0.0347509
0
0
0
0.119389
0
0.035171
0
0
0
0
0
0.0282444
0.0861061
0
0
0
0.216473
0
0.0604617
0
0
0
0
0
0.109867
0
0.0583205
0
0
0
0.0411923
0.0656357
0.0673744
0
0.112288
0
0.0344744
0.120594
0.0858236
0
0.0641863
0.069785
0.00288185
0
0
0.10066
0.00732795
0.0832235
0
0
0
0.127709
0
0.0643846
0
0
0.0641227
0.0232026
0.117484
0.0604617
0
0.0673744
0.156759
0
0.0449138
0
0
0.0725055
0.0531601
0
0
0.0361654
0.0565668
0
0
0
0.0604617
0
0
0.0832235
0.090577
0
0
0.0624503
0.0530888
0
0
0
0.0306526
0.104861
0.0449138
0.0099647
0.0832235
0.0759433
0.0633202
0
0.0255756
0.053916
0.00288185
0
0
0
0.0232026
0
0
0.0361654
0
0
0
0
0
0
0
0
0
0
0.143336
0
0
0
0.152384
0
0
0
0
0
0.120594
0
0
0
0.0442431
0.00288185
0
0.0702562
0
0
0.04172
0
0
0
0.0449138
0.094826
0
0
0
0
0
0.00530843
0.117974
0.0850808
0
0.0279686
0.0317773
0
0.0673744
0
0.0945214
0
0.0347509
0.194677
0
0
0.100664
0.00186678
0
0.142743
0.0802801
0
0.0725055
0
0.0832235
0.0260845
0.0604617
0.0165393
0.168032
0.120594
0.0824493
0.0449138
0.0746394
0.0284452
0
0.126791
0.140468
0.019955
0
0
0
0.187968
0
0
0
0
0.120809
0
0.035171
0.0832235
0
0.0832235
0.193556
0.158731
0.0146132
0
0
0
0
0
0.0413613
0.0365078
0.0276149
0.112288
0.0253626
0
0
0
0
0.0814216
0.0627073
0
0
0.0514755
0
0
0.0604617
0.0650549
0.0276149
0.0362293
0.0673744
0
0
0.178322
0.0577454
0
0
0
0
0
0.0413613
0
0.0444368
0.0832235
0
0.0365078
0
0.00288185
0.087911
0.00740423
0
0
0
0.151962
0.0879698
0.0673744
0
0
0
0
0.0531601
0.03166
0
0.0449138
0.0361654
0
0.00292374
0.037551
0
0.0832235
0.0411923
0
0
0
0
0.0959938
0.0725055
0
0.141469
0
0
0
0.0128933
0
0
0.0543228
0
0.00288185
0
0
0
0
0
0.0276149
0.112288
0
0
0
0
0
0.0957081
0
0.0633001
0
0.0347509
0.0943979
0.029409
0.140468
0.187968
0
0
0.0413613
0
0
0
0
0.0365078
0.0339295
0
0
0.00379871
0
0
0
0
0
0
0
0
0.104726
0
0.0832235
0.120594
0.120594
0
0
0.0574358
0
0.0667239
0.0652421
0
0
0
0
0
0.106426
0.0335716
0
0.0189752
0.0832235
0
0
0
0
0.120594
0
0.0530888
0
0
0.0673744
0.0523291
0.198121
0.0493999
0.035171
0
0.136312
0.00102902
0
0
0.0673744
0
0
0.136312
0.179157
0
0
0.0365078
0.0304064
0
0
0.0197575
0
0.0725055
0.0232026
0.100864
0
0.0276149
0.0508175
0.0832235
0
0
0
0.0725055
0.0725055
0.196867
0.0997054
0.0621719
0.0260845
0
0
0
0.0378475
0
0.0673744
0.0673744
0.113867
0
0.0449138
0.0274613
0.136493
0
0.0390472
0.0347509
0
0
0
0.163082
0
0.0449138
0.0560419
0
0
0
0.127836
0
0
0.00288185
0.0144187
0
0.0530888
0.000892099
0.215325
0.0347509
0
0
0.0627859
0
0.0832235
0.0449138
0
0
0.0411923
0.0725055
0
0
0
0
0
0
0.0560419
0.0276149
0.0276149
0.0347509
0
0
0.0347509
0
0.0768228
0
0.0832235
0
0.0154668
0
0
0.113622
0.0707097
0
0.0361654
0.0294136
0.0530888
0.000377148
0
0
0
0
0.101079
0.112288
0.0347509
0
0
0
0
0.0413613
0
0.0659444
0
0
0
0.0558846
0.0520234
0
0.0325583
0
0.0880766
0.0475112
0
0
0.0361654
0.140468
0.0332933
0.0187756
0
0
0.0276149
0.00254779
0
0
0.035171
0.0673744
0
0.0553084
0.0725055